H            0  1  0  0  0  0  0  0  0  0  0  0  0  0             1
He           0  0  1  0  0  0  0  0  0  0  0  0  0  0             2
C            0  0  0  1  0  0  0  0  0  0  0  0  0  0             3
N            0  0  0  0  1  0  0  0  0  0  0  0  0  0             4
O            0  0  0  0  0  1  0  0  0  0  0  0  0  0             5
Si           0  0  0  0  0  0  1  0  0  0  0  0  0  0             6
S            0  0  0  0  0  0  0  1  0  0  0  0  0  0             7
Fe           0  0  0  0  0  0  0  0  1  0  0  0  0  0             8
Na           0  0  0  0  0  0  0  0  0  1  0  0  0  0             9
Mg           0  0  0  0  0  0  0  0  0  0  1  0  0  0            10
Cl           0  0  0  0  0  0  0  0  0  0  0  1  0  0            11
P            0  0  0  0  0  0  0  0  0  0  0  0  1  0            12
F            0  0  0  0  0  0  0  0  0  0  0  0  0  1            13
CH           0  1  0  1  0  0  0  0  0  0  0  0  0  0            14
H2           0  2  0  0  0  0  0  0  0  0  0  0  0  0            15
HCl          0  1  0  0  0  0  0  0  0  0  0  1  0  0            16
HF           0  1  0  0  0  0  0  0  0  0  0  0  0  1            17
HS           0  1  0  0  0  0  0  1  0  0  0  0  0  0            18
MgH          0  1  0  0  0  0  0  0  0  0  1  0  0  0            19
NaH          0  1  0  0  0  0  0  0  0  1  0  0  0  0            20
NH           0  1  0  0  1  0  0  0  0  0  0  0  0  0            21
OH           0  1  0  0  0  1  0  0  0  0  0  0  0  0            22
PH           0  1  0  0  0  0  0  0  0  0  0  0  1  0            23
SiH          0  1  0  0  0  0  1  0  0  0  0  0  0  0            24
C2           0  0  0  2  0  0  0  0  0  0  0  0  0  0            25
CCl          0  0  0  1  0  0  0  0  0  0  0  1  0  0            26
CN           0  0  0  1  1  0  0  0  0  0  0  0  0  0            27
CO           0  0  0  1  0  1  0  0  0  0  0  0  0  0            28
CP           0  0  0  1  0  0  0  0  0  0  0  0  1  0            29
CS           0  0  0  1  0  0  0  1  0  0  0  0  0  0            30
SiC          0  0  0  1  0  0  1  0  0  0  0  0  0  0            31
N2           0  0  0  0  2  0  0  0  0  0  0  0  0  0            32
NO           0  0  0  0  1  1  0  0  0  0  0  0  0  0            33
NS           0  0  0  0  1  0  0  1  0  0  0  0  0  0            34
PN           0  0  0  0  1  0  0  0  0  0  0  0  1  0            35
SiN          0  0  0  0  1  0  1  0  0  0  0  0  0  0            36
ClO          0  0  0  0  0  1  0  0  0  0  0  1  0  0            37
O2           0  0  0  0  0  2  0  0  0  0  0  0  0  0            38
PO           0  0  0  0  0  1  0  0  0  0  0  0  1  0            39
SiO          0  0  0  0  0  1  1  0  0  0  0  0  0  0            40
SO           0  0  0  0  0  1  0  1  0  0  0  0  0  0            41
SiS          0  0  0  0  0  0  1  1  0  0  0  0  0  0            42
S2           0  0  0  0  0  0  0  2  0  0  0  0  0  0            43
CCH          0  1  0  2  0  0  0  0  0  0  0  0  0  0            44
CH2          0  2  0  1  0  0  0  0  0  0  0  0  0  0            45
H2O          0  2  0  0  0  1  0  0  0  0  0  0  0  0            46
H2S          0  2  0  0  0  0  0  1  0  0  0  0  0  0            47
HCN          0  1  0  1  1  0  0  0  0  0  0  0  0  0            48
HCO          0  1  0  1  0  1  0  0  0  0  0  0  0  0            49
HCP          0  1  0  1  0  0  0  0  0  0  0  0  1  0            50
HCS          0  1  0  1  0  0  0  1  0  0  0  0  0  0            51
HCSi         0  1  0  1  0  0  1  0  0  0  0  0  0  0            52
HNC          0  1  0  1  1  0  0  0  0  0  0  0  0  0            53
HNO          0  1  0  0  1  1  0  0  0  0  0  0  0  0            54
HNSi         0  1  0  0  1  0  1  0  0  0  0  0  0  0            55
HPO          0  1  0  0  0  1  0  0  0  0  0  0  1  0            56
HSS          0  1  0  0  0  0  0  2  0  0  0  0  0  0            57
NaOH         0  1  0  0  0  1  0  0  0  1  0  0  0  0            58
NH2          0  2  0  0  1  0  0  0  0  0  0  0  0  0            59
O2H          0  1  0  0  0  2  0  0  0  0  0  0  0  0            60
PH2          0  2  0  0  0  0  0  0  0  0  0  0  1  0            61
SiH2         0  2  0  0  0  0  1  0  0  0  0  0  0  0            62
CCN          0  0  0  2  1  0  0  0  0  0  0  0  0  0            63
CCS          0  0  0  2  0  0  0  1  0  0  0  0  0  0            64
C3           0  0  0  3  0  0  0  0  0  0  0  0  0  0            65
CCO          0  0  0  2  0  1  0  0  0  0  0  0  0  0            66
CCP          0  0  0  2  0  0  0  0  0  0  0  0  1  0            67
CO2          0  0  0  1  0  2  0  0  0  0  0  0  0  0            68
OCN          0  0  0  1  1  1  0  0  0  0  0  0  0  0            69
OCS          0  0  0  1  0  1  0  1  0  0  0  0  0  0            70
c-SiC2       0  0  0  2  0  0  1  0  0  0  0  0  0  0            71
SiNC         0  0  0  1  1  0  1  0  0  0  0  0  0  0            72
N2O          0  0  0  0  2  1  0  0  0  0  0  0  0  0            73
NO2          0  0  0  0  1  2  0  0  0  0  0  0  0  0            74
SiO2         0  0  0  0  0  2  1  0  0  0  0  0  0  0            75
SO2          0  0  0  0  0  2  0  1  0  0  0  0  0  0            76
C2H2         0  2  0  2  0  0  0  0  0  0  0  0  0  0            77
c-C3H        0  1  0  3  0  0  0  0  0  0  0  0  0  0            78
CH3          0  3  0  1  0  0  0  0  0  0  0  0  0  0            79
H2CN         0  2  0  1  1  0  0  0  0  0  0  0  0  0            80
H2CO         0  2  0  1  0  1  0  0  0  0  0  0  0  0            81
H2CS         0  2  0  1  0  0  0  1  0  0  0  0  0  0            82
HOOH         0  2  0  0  0  2  0  0  0  0  0  0  0  0            83
HSSH         0  2  0  0  0  0  0  2  0  0  0  0  0  0            84
H2SiO        0  2  0  0  0  1  1  0  0  0  0  0  0  0            85
HCCP         0  1  0  2  0  0  0  0  0  0  0  0  1  0            86
NH3          0  3  0  0  1  0  0  0  0  0  0  0  0  0            87
HCCSi        0  1  0  2  0  0  1  0  0  0  0  0  0  0            88
SiCH2        0  2  0  1  0  0  1  0  0  0  0  0  0  0            89
SiH3         0  3  0  0  0  0  1  0  0  0  0  0  0  0            90
l-C3H        0  1  0  3  0  0  0  0  0  0  0  0  0  0            91
C3N          0  0  0  3  1  0  0  0  0  0  0  0  0  0            92
C3O          0  0  0  3  0  1  0  0  0  0  0  0  0  0            93
C3P          0  0  0  3  0  0  0  0  0  0  0  0  1  0            94
C3S          0  0  0  3  0  0  0  1  0  0  0  0  0  0            95
C4           0  0  0  4  0  0  0  0  0  0  0  0  0  0            96
l-SiC3       0  0  0  3  0  0  1  0  0  0  0  0  0  0            97
H2CCN        0  2  0  2  1  0  0  0  0  0  0  0  0  0            98
H2CCO        0  2  0  2  0  1  0  0  0  0  0  0  0  0            99
C2H3         0  3  0  2  0  0  0  0  0  0  0  0  0  0           100
c-C3H2       0  2  0  3  0  0  0  0  0  0  0  0  0  0           101
C4H          0  1  0  4  0  0  0  0  0  0  0  0  0  0           102
HCOOH        0  2  0  1  0  2  0  0  0  0  0  0  0  0           103
CH2PH        0  3  0  1  0  0  0  0  0  0  0  0  1  0           104
CH2NH        0  3  0  1  1  0  0  0  0  0  0  0  0  0           105
CH4          0  4  0  1  0  0  0  0  0  0  0  0  0  0           106
HCNCC        0  1  0  3  1  0  0  0  0  0  0  0  0  0           107
HCCNC        0  1  0  3  1  0  0  0  0  0  0  0  0  0           108
HC3N         0  1  0  3  1  0  0  0  0  0  0  0  0  0           109
HNCCC        0  1  0  3  1  0  0  0  0  0  0  0  0  0           110
NH2CN        0  2  0  1  2  0  0  0  0  0  0  0  0  0           111
c-HCCHSi     0  2  0  2  0  0  1  0  0  0  0  0  0  0           112
SiC3H        0  1  0  3  0  0  1  0  0  0  0  0  0  0           113
SiCH3        0  3  0  1  0  0  1  0  0  0  0  0  0  0           114
SiH4         0  4  0  0  0  0  1  0  0  0  0  0  0  0           115
l-C3H2       0  2  0  3  0  0  0  0  0  0  0  0  0  0           116
C4N          0  0  0  4  1  0  0  0  0  0  0  0  0  0           117
C4P          0  0  0  4  0  0  0  0  0  0  0  0  1  0           118
C4S          0  0  0  4  0  0  0  1  0  0  0  0  0  0           119
C5           0  0  0  5  0  0  0  0  0  0  0  0  0  0           120
SiC4         0  0  0  4  0  0  1  0  0  0  0  0  0  0           121
H2CSiCH      0  3  0  2  0  0  1  0  0  0  0  0  0  0           122
SiC4H        0  1  0  4  0  0  1  0  0  0  0  0  0  0           123
CH3CN        0  3  0  2  1  0  0  0  0  0  0  0  0  0           124
C2H4         0  4  0  2  0  0  0  0  0  0  0  0  0  0           125
CH2CCH       0  3  0  3  0  0  0  0  0  0  0  0  0  0           126
C4H2         0  2  0  4  0  0  0  0  0  0  0  0  0  0           127
C5H          0  1  0  5  0  0  0  0  0  0  0  0  0  0           128
CH3OH        0  4  0  1  0  1  0  0  0  0  0  0  0  0           129
NH2CHO       0  3  0  1  1  1  0  0  0  0  0  0  0  0           130
HC4N         0  1  0  4  1  0  0  0  0  0  0  0  0  0           131
NC4N         0  0  0  4  2  0  0  0  0  0  0  0  0  0           132
C5N          0  0  0  5  1  0  0  0  0  0  0  0  0  0           133
C6           0  0  0  6  0  0  0  0  0  0  0  0  0  0           134
CH3CCH       0  4  0  3  0  0  0  0  0  0  0  0  0  0           135
SiC2CH3      0  3  0  3  0  0  1  0  0  0  0  0  0  0           136
CH3CHO       0  4  0  2  0  1  0  0  0  0  0  0  0  0           137
C2H5         0  5  0  2  0  0  0  0  0  0  0  0  0  0           138
CH2CHCN      0  3  0  3  1  0  0  0  0  0  0  0  0  0           139
CH3C3        0  3  0  4  0  0  0  0  0  0  0  0  0  0           140
C5H2         0  2  0  5  0  0  0  0  0  0  0  0  0  0           141
C6H          0  1  0  6  0  0  0  0  0  0  0  0  0  0           142
CH3NH2       0  5  0  1  1  0  0  0  0  0  0  0  0  0           143
HC5N         0  1  0  5  1  0  0  0  0  0  0  0  0  0           144
C7           0  0  0  7  0  0  0  0  0  0  0  0  0  0           145
CH2CHC2H     0  4  0  4  0  0  0  0  0  0  0  0  0  0           146
SiC6H        0  1  0  6  0  0  1  0  0  0  0  0  0  0           147
C6H2         0  2  0  6  0  0  0  0  0  0  0  0  0  0           148
C7H          0  1  0  7  0  0  0  0  0  0  0  0  0  0           149
CH3C3N       0  3  0  4  1  0  0  0  0  0  0  0  0  0           150
HCOOCH3      0  4  0  2  0  2  0  0  0  0  0  0  0  0           151
HC6N         0  1  0  6  1  0  0  0  0  0  0  0  0  0           152
NC6N         0  0  0  6  2  0  0  0  0  0  0  0  0  0           153
C7N          0  0  0  7  1  0  0  0  0  0  0  0  0  0           154
C8           0  0  0  8  0  0  0  0  0  0  0  0  0  0           155
CH3CHCH2     0  6  0  3  0  0  0  0  0  0  0  0  0  0           156
SiC3H5       0  5  0  3  0  0  1  0  0  0  0  0  0  0           157
CH3CH2OH     0  6  0  2  0  1  0  0  0  0  0  0  0  0           158
HC7H         0  2  0  7  0  0  0  0  0  0  0  0  0  0           159
C8H          0  1  0  8  0  0  0  0  0  0  0  0  0  0           160
CH3C4H       0  4  0  5  0  0  0  0  0  0  0  0  0  0           161
CH3OCH3      0  6  0  2  0  1  0  0  0  0  0  0  0  0           162
HC7N         0  1  0  7  1  0  0  0  0  0  0  0  0  0           163
C9           0  0  0  9  0  0  0  0  0  0  0  0  0  0           164
CH2CHCHCH2   0  6  0  4  0  0  0  0  0  0  0  0  0  0           165
SiC8H        0  1  0  8  0  0  1  0  0  0  0  0  0  0           166
HC8N         0  1  0  8  1  0  0  0  0  0  0  0  0  0           167
CH3COCH3     0  6  0  3  0  1  0  0  0  0  0  0  0  0           168
C8H2         0  2  0  8  0  0  0  0  0  0  0  0  0  0           169
C9H          0  1  0  9  0  0  0  0  0  0  0  0  0  0           170
CH3C5N       0  3  0  6  1  0  0  0  0  0  0  0  0  0           171
NC8N         0  0  0  8  2  0  0  0  0  0  0  0  0  0           172
C10          0  0  0 10  0  0  0  0  0  0  0  0  0  0           173
C9N          0  0  0  9  1  0  0  0  0  0  0  0  0  0           174
C10H         0  1  0 10  0  0  0  0  0  0  0  0  0  0           175
C9H2         0  2  0  9  0  0  0  0  0  0  0  0  0  0           176
CH3C6H       0  4  0  7  0  0  0  0  0  0  0  0  0  0           177
HC9N         0  1  0  9  1  0  0  0  0  0  0  0  0  0           178
C11          0  0  0 11  0  0  0  0  0  0  0  0  0  0           179
CH3C7N       0  3  0  8  1  0  0  0  0  0  0  0  0  0           180
C6H6         0  6  0  6  0  0  0  0  0  0  0  0  0  0           181
C10H2        0  2  0 10  0  0  0  0  0  0  0  0  0  0           182
H+           1  1  0  0  0  0  0  0  0  0  0  0  0  0           183
H-          -1  1  0  0  0  0  0  0  0  0  0  0  0  0           184
He+          1  0  1  0  0  0  0  0  0  0  0  0  0  0           185
C+           1  0  0  1  0  0  0  0  0  0  0  0  0  0           186
C-          -1  0  0  1  0  0  0  0  0  0  0  0  0  0           187
N+           1  0  0  0  1  0  0  0  0  0  0  0  0  0           188
O+           1  0  0  0  0  1  0  0  0  0  0  0  0  0           189
O-          -1  0  0  0  0  1  0  0  0  0  0  0  0  0           190
Si+          1  0  0  0  0  0  1  0  0  0  0  0  0  0           191
S+           1  0  0  0  0  0  0  1  0  0  0  0  0  0           192
S-          -1  0  0  0  0  0  0  1  0  0  0  0  0  0           193
Fe+          1  0  0  0  0  0  0  0  1  0  0  0  0  0           194
Na+          1  0  0  0  0  0  0  0  0  1  0  0  0  0           195
Mg+          1  0  0  0  0  0  0  0  0  0  1  0  0  0           196
Cl+          1  0  0  0  0  0  0  0  0  0  0  1  0  0           197
P+           1  0  0  0  0  0  0  0  0  0  0  0  1  0           198
F+           1  0  0  0  0  0  0  0  0  0  0  0  0  1           199
e-          -1  0  0  0  0  0  0  0  0  0  0  0  0  0           200
CH+          1  1  0  1  0  0  0  0  0  0  0  0  0  0           201
H2+          1  2  0  0  0  0  0  0  0  0  0  0  0  0           202
HCl+         1  1  0  0  0  0  0  0  0  0  0  1  0  0           203
HF+          1  1  0  0  0  0  0  0  0  0  0  0  0  1           204
HeH+         1  1  1  0  0  0  0  0  0  0  0  0  0  0           205
HS+          1  1  0  0  0  0  0  1  0  0  0  0  0  0           206
NH+          1  1  0  0  1  0  0  0  0  0  0  0  0  0           207
OH+          1  1  0  0  0  1  0  0  0  0  0  0  0  0           208
PH+          1  1  0  0  0  0  0  0  0  0  0  0  1  0           209
SiH+         1  1  0  0  0  0  1  0  0  0  0  0  0  0           210
OH-         -1  1  0  0  0  1  0  0  0  0  0  0  0  0           211
C2+          1  0  0  2  0  0  0  0  0  0  0  0  0  0           212
CCl+         1  0  0  1  0  0  0  0  0  0  0  1  0  0           213
CF+          1  0  0  1  0  0  0  0  0  0  0  0  0  1           214
CN+          1  0  0  1  1  0  0  0  0  0  0  0  0  0           215
CO+          1  0  0  1  0  1  0  0  0  0  0  0  0  0           216
CP+          1  0  0  1  0  0  0  0  0  0  0  0  1  0           217
CS+          1  0  0  1  0  0  0  1  0  0  0  0  0  0           218
SiC+         1  0  0  1  0  0  1  0  0  0  0  0  0  0           219
CN-         -1  0  0  1  1  0  0  0  0  0  0  0  0  0           220
N2+          1  0  0  0  2  0  0  0  0  0  0  0  0  0           221
NO+          1  0  0  0  1  1  0  0  0  0  0  0  0  0           222
NS+          1  0  0  0  1  0  0  1  0  0  0  0  0  0           223
PN+          1  0  0  0  1  0  0  0  0  0  0  0  1  0           224
SiN+         1  0  0  0  1  0  1  0  0  0  0  0  0  0           225
ClO+         1  0  0  0  0  1  0  0  0  0  0  1  0  0           226
O2+          1  0  0  0  0  2  0  0  0  0  0  0  0  0           227
PO+          1  0  0  0  0  1  0  0  0  0  0  0  1  0           228
SiO+         1  0  0  0  0  1  1  0  0  0  0  0  0  0           229
SO+          1  0  0  0  0  1  0  1  0  0  0  0  0  0           230
SiS+         1  0  0  0  0  0  1  1  0  0  0  0  0  0           231
SiF+         1  0  0  0  0  0  1  0  0  0  0  0  0  1           232
S2+          1  0  0  0  0  0  0  2  0  0  0  0  0  0           233
C2H+         1  1  0  2  0  0  0  0  0  0  0  0  0  0           234
CH2+         1  2  0  1  0  0  0  0  0  0  0  0  0  0           235
CHSi+        1  1  0  1  0  0  1  0  0  0  0  0  0  0           236
H2Cl+        1  2  0  0  0  0  0  0  0  0  0  1  0  0           237
H2F+         1  2  0  0  0  0  0  0  0  0  0  0  0  1           238
H2O+         1  2  0  0  0  1  0  0  0  0  0  0  0  0           239
H2S+         1  2  0  0  0  0  0  1  0  0  0  0  0  0           240
H3+          1  3  0  0  0  0  0  0  0  0  0  0  0  0           241
HCN+         1  1  0  1  1  0  0  0  0  0  0  0  0  0           242
HCO+         1  1  0  1  0  1  0  0  0  0  0  0  0  0           243
HCP+         1  1  0  1  0  0  0  0  0  0  0  0  1  0           244
HCS+         1  1  0  1  0  0  0  1  0  0  0  0  0  0           245
HNC+         1  1  0  1  1  0  0  0  0  0  0  0  0  0           246
HNO+         1  1  0  0  1  1  0  0  0  0  0  0  0  0           247
HNS+         1  1  0  0  1  0  0  1  0  0  0  0  0  0           248
HNSi+        1  1  0  0  1  0  1  0  0  0  0  0  0  0           249
HOC+         1  1  0  1  0  1  0  0  0  0  0  0  0  0           250
HPN+         1  1  0  0  1  0  0  0  0  0  0  0  1  0           251
HPO+         1  1  0  0  0  1  0  0  0  0  0  0  1  0           252
HSiO+        1  1  0  0  0  1  1  0  0  0  0  0  0  0           253
HSiS+        1  1  0  0  0  0  1  1  0  0  0  0  0  0           254
HSO+         1  1  0  0  0  1  0  1  0  0  0  0  0  0           255
N2H+         1  1  0  0  2  0  0  0  0  0  0  0  0  0           256
NaH2+        1  2  0  0  0  0  0  0  0  1  0  0  0  0           257
NH2+         1  2  0  0  1  0  0  0  0  0  0  0  0  0           258
HO2+         1  1  0  0  0  2  0  0  0  0  0  0  0  0           259
PH2+         1  2  0  0  0  0  0  0  0  0  0  0  1  0           260
HS2+         1  1  0  0  0  0  0  2  0  0  0  0  0  0           261
SiH2+        1  2  0  0  0  0  1  0  0  0  0  0  0  0           262
C2N+         1  0  0  2  1  0  0  0  0  0  0  0  0  0           263
C2O+         1  0  0  2  0  1  0  0  0  0  0  0  0  0           264
C2S+         1  0  0  2  0  0  0  1  0  0  0  0  0  0           265
C3+          1  0  0  3  0  0  0  0  0  0  0  0  0  0           266
CCP+         1  0  0  2  0  0  0  0  0  0  0  0  1  0           267
CNC+         1  0  0  2  1  0  0  0  0  0  0  0  0  0           268
CO2+         1  0  0  1  0  2  0  0  0  0  0  0  0  0           269
NCO+         1  0  0  1  1  1  0  0  0  0  0  0  0  0           270
OCS+         1  0  0  1  0  1  0  1  0  0  0  0  0  0           271
SiC2+        1  0  0  2  0  0  1  0  0  0  0  0  0  0           272
SiNC+        1  0  0  1  1  0  1  0  0  0  0  0  0  0           273
C3-         -1  0  0  3  0  0  0  0  0  0  0  0  0  0           274
NO2+         1  0  0  0  1  2  0  0  0  0  0  0  0  0           275
SO2+         1  0  0  0  0  2  0  1  0  0  0  0  0  0           276
C2H2+        1  2  0  2  0  0  0  0  0  0  0  0  0  0           277
C2HO+        1  1  0  2  0  1  0  0  0  0  0  0  0  0           278
HC2N+        1  1  0  2  1  0  0  0  0  0  0  0  0  0           279
C3H+         1  1  0  3  0  0  0  0  0  0  0  0  0  0           280
CH2Si+       1  2  0  1  0  0  1  0  0  0  0  0  0  0           281
CH3+         1  3  0  1  0  0  0  0  0  0  0  0  0  0           282
H2CCl+       1  2  0  1  0  0  0  0  0  0  0  1  0  0           283
HCNH+        1  2  0  1  1  0  0  0  0  0  0  0  0  0           284
H2CO+        1  2  0  1  0  1  0  0  0  0  0  0  0  0           285
H2CS+        1  2  0  1  0  0  0  1  0  0  0  0  0  0           286
H2NC+        1  2  0  1  1  0  0  0  0  0  0  0  0  0           287
H2NO+        1  2  0  0  1  1  0  0  0  0  0  0  0  0           288
H2PO+        1  2  0  0  0  1  0  0  0  0  0  0  1  0           289
H2S2+        1  2  0  0  0  0  0  2  0  0  0  0  0  0           290
H2SiO+       1  2  0  0  0  1  1  0  0  0  0  0  0  0           291
H3O+         1  3  0  0  0  1  0  0  0  0  0  0  0  0           292
H3S+         1  3  0  0  0  0  0  1  0  0  0  0  0  0           293
HC2S+        1  1  0  2  0  0  0  1  0  0  0  0  0  0           294
HOCO+        1  1  0  1  0  2  0  0  0  0  0  0  0  0           295
HNCO+        1  1  0  1  1  1  0  0  0  0  0  0  0  0           296
HOCS+        1  1  0  1  0  1  0  1  0  0  0  0  0  0           297
HSiO2+       1  1  0  0  0  2  1  0  0  0  0  0  0  0           298
HSO2+        1  1  0  0  0  2  0  1  0  0  0  0  0  0           299
NaH2O+       1  2  0  0  0  1  0  0  0  1  0  0  0  0           300
NH3+         1  3  0  0  1  0  0  0  0  0  0  0  0  0           301
PC2H+        1  1  0  2  0  0  0  0  0  0  0  0  1  0           302
PCH2+        1  2  0  1  0  0  0  0  0  0  0  0  1  0           303
PH3+         1  3  0  0  0  0  0  0  0  0  0  0  1  0           304
PNH2+        1  2  0  0  1  0  0  0  0  0  0  0  1  0           305
SiC2H+       1  1  0  2  0  0  1  0  0  0  0  0  0  0           306
SiH3+        1  3  0  0  0  0  1  0  0  0  0  0  0  0           307
SiNCH+       1  1  0  1  1  0  1  0  0  0  0  0  0  0           308
HSiNH+       1  2  0  0  1  0  1  0  0  0  0  0  0  0           309
C2N2+        1  0  0  2  2  0  0  0  0  0  0  0  0  0           310
C3N+         1  0  0  3  1  0  0  0  0  0  0  0  0  0           311
C3O+         1  0  0  3  0  1  0  0  0  0  0  0  0  0           312
C3S+         1  0  0  3  0  0  0  1  0  0  0  0  0  0           313
C4+          1  0  0  4  0  0  0  0  0  0  0  0  0  0           314
l-SiC3+      1  0  0  3  0  0  1  0  0  0  0  0  0  0           315
C4-         -1  0  0  4  0  0  0  0  0  0  0  0  0  0           316
C3N-        -1  0  0  3  1  0  0  0  0  0  0  0  0  0           317
CH2CN+       1  2  0  2  1  0  0  0  0  0  0  0  0  0           318
H2CCO+       1  2  0  2  0  1  0  0  0  0  0  0  0  0           319
C2H3+        1  3  0  2  0  0  0  0  0  0  0  0  0  0           320
c-C3H2+      1  2  0  3  0  0  0  0  0  0  0  0  0  0           321
HC3N+        1  1  0  3  1  0  0  0  0  0  0  0  0  0           322
C4H+         1  1  0  4  0  0  0  0  0  0  0  0  0  0           323
HCOOH+       1  2  0  1  0  2  0  0  0  0  0  0  0  0           324
CH4+         1  4  0  1  0  0  0  0  0  0  0  0  0  0           325
H2COH+       1  3  0  1  0  1  0  0  0  0  0  0  0  0           326
H3CS+        1  3  0  1  0  0  0  1  0  0  0  0  0  0           327
H3S2+        1  3  0  0  0  0  0  2  0  0  0  0  0  0           328
H3SiO+       1  3  0  0  0  1  1  0  0  0  0  0  0  0           329
HC3O+        1  1  0  3  0  1  0  0  0  0  0  0  0  0           330
HC3S+        1  1  0  3  0  0  0  1  0  0  0  0  0  0           331
NH4+         1  4  0  0  1  0  0  0  0  0  0  0  0  0           332
PC2H2+       1  2  0  2  0  0  0  0  0  0  0  0  1  0           333
PC3H+        1  1  0  3  0  0  0  0  0  0  0  0  1  0           334
PCH3+        1  3  0  1  0  0  0  0  0  0  0  0  1  0           335
PNH3+        1  3  0  0  1  0  0  0  0  0  0  0  1  0           336
SiC2H2+      1  2  0  2  0  0  1  0  0  0  0  0  0  0           337
SiC3H+       1  1  0  3  0  0  1  0  0  0  0  0  0  0           338
SiCH3+       1  3  0  1  0  0  1  0  0  0  0  0  0  0           339
SiH4+        1  4  0  0  0  0  1  0  0  0  0  0  0  0           340
l-C3H2+      1  2  0  3  0  0  0  0  0  0  0  0  0  0           341
C4H-        -1  1  0  4  0  0  0  0  0  0  0  0  0  0           342
C4N+         1  0  0  4  1  0  0  0  0  0  0  0  0  0           343
C4P+         1  0  0  4  0  0  0  0  0  0  0  0  1  0           344
C4S+         1  0  0  4  0  0  0  1  0  0  0  0  0  0           345
C5+          1  0  0  5  0  0  0  0  0  0  0  0  0  0           346
SiC4+        1  0  0  4  0  0  1  0  0  0  0  0  0  0           347
C5-         -1  0  0  5  0  0  0  0  0  0  0  0  0  0           348
CH3CN+       1  3  0  2  1  0  0  0  0  0  0  0  0  0           349
CH3CO+       1  3  0  2  0  1  0  0  0  0  0  0  0  0           350
C2H4+        1  4  0  2  0  0  0  0  0  0  0  0  0  0           351
HC3NH+       1  2  0  3  1  0  0  0  0  0  0  0  0  0           352
c-C3H3+      1  3  0  3  0  0  0  0  0  0  0  0  0  0           353
C4H2+        1  2  0  4  0  0  0  0  0  0  0  0  0  0           354
C5H+         1  1  0  5  0  0  0  0  0  0  0  0  0  0           355
CH3O2+       1  3  0  1  0  2  0  0  0  0  0  0  0  0           356
CH2NH2+      1  4  0  1  1  0  0  0  0  0  0  0  0  0           357
CH3OH+       1  4  0  1  0  1  0  0  0  0  0  0  0  0           358
CH5+         1  5  0  1  0  0  0  0  0  0  0  0  0  0           359
H2C3O+       1  2  0  3  0  1  0  0  0  0  0  0  0  0           360
HC2NCH+      1  2  0  3  1  0  0  0  0  0  0  0  0  0           361
HC4N+        1  1  0  4  1  0  0  0  0  0  0  0  0  0           362
HC4O+        1  1  0  4  0  1  0  0  0  0  0  0  0  0           363
HC4S+        1  1  0  4  0  0  0  1  0  0  0  0  0  0           364
NH2CNH+      1  3  0  1  2  0  0  0  0  0  0  0  0  0           365
PC2H3+       1  3  0  2  0  0  0  0  0  0  0  0  1  0           366
PC4H+        1  1  0  4  0  0  0  0  0  0  0  0  1  0           367
PCH4+        1  4  0  1  0  0  0  0  0  0  0  0  1  0           368
SiC2H3+      1  3  0  2  0  0  1  0  0  0  0  0  0  0           369
SiC3H2+      1  2  0  3  0  0  1  0  0  0  0  0  0  0           370
SiC4H+       1  1  0  4  0  0  1  0  0  0  0  0  0  0           371
SiCH4+       1  4  0  1  0  0  1  0  0  0  0  0  0  0           372
SiH5+        1  5  0  0  0  0  1  0  0  0  0  0  0  0           373
l-C3H3+      1  3  0  3  0  0  0  0  0  0  0  0  0  0           374
C5H-        -1  1  0  5  0  0  0  0  0  0  0  0  0  0           375
C5N+         1  0  0  5  1  0  0  0  0  0  0  0  0  0           376
C6+          1  0  0  6  0  0  0  0  0  0  0  0  0  0           377
C6-         -1  0  0  6  0  0  0  0  0  0  0  0  0  0           378
CH3CNH+      1  4  0  2  1  0  0  0  0  0  0  0  0  0           379
C2H4O+       1  4  0  2  0  1  0  0  0  0  0  0  0  0           380
C2H5+        1  5  0  2  0  0  0  0  0  0  0  0  0  0           381
C3H3N+       1  3  0  3  1  0  0  0  0  0  0  0  0  0           382
C3H4+        1  4  0  3  0  0  0  0  0  0  0  0  0  0           383
C4H3+        1  3  0  4  0  0  0  0  0  0  0  0  0  0           384
C5H2+        1  2  0  5  0  0  0  0  0  0  0  0  0  0           385
HC5N+        1  1  0  5  1  0  0  0  0  0  0  0  0  0           386
C6H+         1  1  0  6  0  0  0  0  0  0  0  0  0  0           387
CH3NH2+      1  5  0  1  1  0  0  0  0  0  0  0  0  0           388
CH3OH2+      1  5  0  1  0  1  0  0  0  0  0  0  0  0           389
H2C4N+       1  2  0  4  1  0  0  0  0  0  0  0  0  0           390
H3C3O+       1  3  0  3  0  1  0  0  0  0  0  0  0  0           391
NH2CH2O+     1  4  0  1  1  1  0  0  0  0  0  0  0  0           392
PC2H4+       1  4  0  2  0  0  0  0  0  0  0  0  1  0           393
PC4H2+       1  2  0  4  0  0  0  0  0  0  0  0  1  0           394
C6H-        -1  1  0  6  0  0  0  0  0  0  0  0  0  0           395
C7+          1  0  0  7  0  0  0  0  0  0  0  0  0  0           396
C7-         -1  0  0  7  0  0  0  0  0  0  0  0  0  0           397
CH3CHOH+     1  5  0  2  0  1  0  0  0  0  0  0  0  0           398
C2H6+        1  6  0  2  0  0  0  0  0  0  0  0  0  0           399
C3H3NH+      1  4  0  3  1  0  0  0  0  0  0  0  0  0           400
C3H5+        1  5  0  3  0  0  0  0  0  0  0  0  0  0           401
C4H4+        1  4  0  4  0  0  0  0  0  0  0  0  0  0           402
H2C5N+       1  2  0  5  1  0  0  0  0  0  0  0  0  0           403
C5H3+        1  3  0  5  0  0  0  0  0  0  0  0  0  0           404
C6H2+        1  2  0  6  0  0  0  0  0  0  0  0  0  0           405
C7H+         1  1  0  7  0  0  0  0  0  0  0  0  0  0           406
CH3NH3+      1  6  0  1  1  0  0  0  0  0  0  0  0  0           407
COOCH4+      1  4  0  2  0  2  0  0  0  0  0  0  0  0           408
H3C4N+       1  3  0  4  1  0  0  0  0  0  0  0  0  0           409
C7H-        -1  1  0  7  0  0  0  0  0  0  0  0  0  0           410
C7N+         1  0  0  7  1  0  0  0  0  0  0  0  0  0           411
C8+          1  0  0  8  0  0  0  0  0  0  0  0  0  0           412
C8-         -1  0  0  8  0  0  0  0  0  0  0  0  0  0           413
C2H5OH+      1  6  0  2  0  1  0  0  0  0  0  0  0  0           414
H3C4NH+      1  4  0  4  1  0  0  0  0  0  0  0  0  0           415
C4H5+        1  5  0  4  0  0  0  0  0  0  0  0  0  0           416
C5H3N+       1  3  0  5  1  0  0  0  0  0  0  0  0  0           417
C5H4+        1  4  0  5  0  0  0  0  0  0  0  0  0  0           418
C6H3+        1  3  0  6  0  0  0  0  0  0  0  0  0  0           419
C7H2+        1  2  0  7  0  0  0  0  0  0  0  0  0  0           420
HC7N+        1  1  0  7  1  0  0  0  0  0  0  0  0  0           421
C8H+         1  1  0  8  0  0  0  0  0  0  0  0  0  0           422
CH3OCH3+     1  6  0  2  0  1  0  0  0  0  0  0  0  0           423
H5C2O2+      1  5  0  2  0  2  0  0  0  0  0  0  0  0           424
C8H-        -1  1  0  8  0  0  0  0  0  0  0  0  0  0           425
C9+          1  0  0  9  0  0  0  0  0  0  0  0  0  0           426
C9-         -1  0  0  9  0  0  0  0  0  0  0  0  0  0           427
C2H5OH2+     1  7  0  2  0  1  0  0  0  0  0  0  0  0           428
C2H6CO+      1  6  0  3  0  1  0  0  0  0  0  0  0  0           429
C5H4N+       1  4  0  5  1  0  0  0  0  0  0  0  0  0           430
C5H5+        1  5  0  5  0  0  0  0  0  0  0  0  0  0           431
C6H4+        1  4  0  6  0  0  0  0  0  0  0  0  0  0           432
C7H2N+       1  2  0  7  1  0  0  0  0  0  0  0  0  0           433
C7H3+        1  3  0  7  0  0  0  0  0  0  0  0  0  0           434
C8H2+        1  2  0  8  0  0  0  0  0  0  0  0  0  0           435
C9H+         1  1  0  9  0  0  0  0  0  0  0  0  0  0           436
CH3OCH4+     1  7  0  2  0  1  0  0  0  0  0  0  0  0           437
C9H-        -1  1  0  9  0  0  0  0  0  0  0  0  0  0           438
C10+         1  0  0 10  0  0  0  0  0  0  0  0  0  0           439
C9N+         1  0  0  9  1  0  0  0  0  0  0  0  0  0           440
C10-        -1  0  0 10  0  0  0  0  0  0  0  0  0  0           441
C10H+        1  1  0 10  0  0  0  0  0  0  0  0  0  0           442
C3H6OH+      1  7  0  3  0  1  0  0  0  0  0  0  0  0           443
C4H7+        1  7  0  4  0  0  0  0  0  0  0  0  0  0           444
H3C6NH+      1  4  0  6  1  0  0  0  0  0  0  0  0  0           445
C6H5+        1  5  0  6  0  0  0  0  0  0  0  0  0  0           446
H3C7N+       1  3  0  7  1  0  0  0  0  0  0  0  0  0           447
C7H4+        1  4  0  7  0  0  0  0  0  0  0  0  0  0           448
C8H3+        1  3  0  8  0  0  0  0  0  0  0  0  0  0           449
C9H2+        1  2  0  9  0  0  0  0  0  0  0  0  0  0           450
C9HN+        1  1  0  9  1  0  0  0  0  0  0  0  0  0           451
C10H-       -1  1  0 10  0  0  0  0  0  0  0  0  0  0           452
C11+         1  0  0 11  0  0  0  0  0  0  0  0  0  0           453
C10H2+       1  2  0 10  0  0  0  0  0  0  0  0  0  0           454
C7H5+        1  5  0  7  0  0  0  0  0  0  0  0  0  0           455
C8H4+        1  4  0  8  0  0  0  0  0  0  0  0  0  0           456
C9H2N+       1  2  0  9  1  0  0  0  0  0  0  0  0  0           457
C9H3+        1  3  0  9  0  0  0  0  0  0  0  0  0  0           458
C6H7+        1  7  0  6  0  0  0  0  0  0  0  0  0  0           459
C8H4N+       1  4  0  8  1  0  0  0  0  0  0  0  0  0           460
C8H5+        1  5  0  8  0  0  0  0  0  0  0  0  0  0           461
C9H3N+       1  3  0  9  1  0  0  0  0  0  0  0  0  0           462
C9H4+        1  4  0  9  0  0  0  0  0  0  0  0  0  0           463
C10H3+       1  3  0 10  0  0  0  0  0  0  0  0  0  0           464
C9H5+        1  5  0  9  0  0  0  0  0  0  0  0  0  0           465
GRAIN0       0  0  0  0  0  0  0  0  0  0  0  0  0  0           466
GRAIN-      -1  0  0  0  0  0  0  0  0  0  0  0  0  0           467
XH           0  1  0  0  0  0  0  0  0  0  0  0  0  0           468