O3           0  0  0  0  0  3  0  0  0  0  0  0  0  0            469
FeH          0  1  0  0  0  0  0  0  1  0  0  0  0  0            470
MgH2         0  2  0  0  0  0  0  0  0  0  1  0  0  0            471
HNCO         0  1  0  1  1  1  0  0  0  0  0  0  0  0            472
HC2O         0  1  0  2  0  1  0  0  0  0  0  0  0  0            473
CH2OH        0  3  0  1  0  1  0  0  0  0  0  0  0  0            474
C5H3         0  3  0  5  0  0  0  0  0  0  0  0  0  0            475
C6H3         0  3  0  6  0  0  0  0  0  0  0  0  0  0            476
C7H3         0  3  0  7  0  0  0  0  0  0  0  0  0  0            477
C8H3         0  3  0  8  0  0  0  0  0  0  0  0  0  0            478
C9H3         0  3  0  9  0  0  0  0  0  0  0  0  0  0            479
C5H4         0  4  0  5  0  0  0  0  0  0  0  0  0  0            480
C6H4         0  4  0  6  0  0  0  0  0  0  0  0  0  0            481
C7H4         0  4  0  7  0  0  0  0  0  0  0  0  0  0            482
C8H4         0  4  0  8  0  0  0  0  0  0  0  0  0  0            483
C9H4         0  4  0  9  0  0  0  0  0  0  0  0  0  0            484
C2H6         0  6  0  2  0  0  0  0  0  0  0  0  0  0            485
JC2H6        0  6  0  2  0  0  0  0  0  0  0  0  0  0            486
JC5H4        0  4  0  5  0  0  0  0  0  0  0  0  0  0            487
JC6H4        0  4  0  6  0  0  0  0  0  0  0  0  0  0            488
JC7H4        0  4  0  7  0  0  0  0  0  0  0  0  0  0            489
JC8H4        0  4  0  8  0  0  0  0  0  0  0  0  0  0            490
JC9H4        0  4  0  9  0  0  0  0  0  0  0  0  0  0            491
JC5H3        0  3  0  5  0  0  0  0  0  0  0  0  0  0            492
JC6H3        0  3  0  6  0  0  0  0  0  0  0  0  0  0            493
JC7H3        0  3  0  7  0  0  0  0  0  0  0  0  0  0            494
JC8H3        0  3  0  8  0  0  0  0  0  0  0  0  0  0            495
JC9H3        0  3  0  9  0  0  0  0  0  0  0  0  0  0            496
JCH2OH       0  3  0  1  0  1  0  0  0  0  0  0  0  0            497
JHC2O        0  1  0  2  0  1  0  0  0  0  0  0  0  0            498
JH2CSiCH     0  3  0  2  0  0  1  0  0  0  0  0  0  0            499
JSiC4H       0  1  0  4  0  0  1  0  0  0  0  0  0  0            500
JHC4N        0  1  0  4  1  0  0  0  0  0  0  0  0  0            501
JNC4N        0  0  0  4  2  0  0  0  0  0  0  0  0  0            502
JSiC2CH3     0  3  0  3  0  0  1  0  0  0  0  0  0  0            503
JSiC6H       0  1  0  6  0  0  1  0  0  0  0  0  0  0            504
JHC6N        0  1  0  6  1  0  0  0  0  0  0  0  0  0            505
JNC6N        0  0  0  6  2  0  0  0  0  0  0  0  0  0            506
JCH3CHCH2    0  6  0  3  0  0  0  0  0  0  0  0  0  0            507
JSiC3H5      0  5  0  3  0  0  1  0  0  0  0  0  0  0            508
JCH2CHCHCH2  0  6  0  4  0  0  0  0  0  0  0  0  0  0            509
JSiC8H       0  1  0  8  0  0  1  0  0  0  0  0  0  0            510
JHC8N        0  1  0  8  1  0  0  0  0  0  0  0  0  0            511
JNC8N        0  0  0  8  2  0  0  0  0  0  0  0  0  0            512
JC10H        0  1  0 10  0  0  0  0  0  0  0  0  0  0            513
JC11         0  0  0 11  0  0  0  0  0  0  0  0  0  0            514
JC10H2       0  2  0 10  0  0  0  0  0  0  0  0  0  0            515
JF           0  0  0  0  0  0  0  0  0  0  0  0  0  1            516
JHF          0  1  0  0  0  0  0  0  0  0  0  0  0  1            517
JC           0  0  0  1  0  0  0  0  0  0  0  0  0  0            518
JC10         0  0  0 10  0  0  0  0  0  0  0  0  0  0            519
JC2          0  0  0  2  0  0  0  0  0  0  0  0  0  0            520
JCCH         0  1  0  2  0  0  0  0  0  0  0  0  0  0            521
JC2H2        0  2  0  2  0  0  0  0  0  0  0  0  0  0            522
JC2H3        0  3  0  2  0  0  0  0  0  0  0  0  0  0            523
JC2H4        0  4  0  2  0  0  0  0  0  0  0  0  0  0            524
JC2H5        0  5  0  2  0  0  0  0  0  0  0  0  0  0            525
JCH3CH2OH    0  6  0  2  0  1  0  0  0  0  0  0  0  0            526
JCH3COCH3    0  6  0  3  0  1  0  0  0  0  0  0  0  0            527
JCCN         0  0  0  2  1  0  0  0  0  0  0  0  0  0            528
JCCO         0  0  0  2  0  1  0  0  0  0  0  0  0  0            529
JCCS         0  0  0  2  0  0  0  1  0  0  0  0  0  0            530
JC3          0  0  0  3  0  0  0  0  0  0  0  0  0  0            531
Jc-C3H       0  1  0  3  0  0  0  0  0  0  0  0  0  0            532
Jl-C3H       0  1  0  3  0  0  0  0  0  0  0  0  0  0            533
Jc-C3H2      0  2  0  3  0  0  0  0  0  0  0  0  0  0            534
Jl-C3H2      0  2  0  3  0  0  0  0  0  0  0  0  0  0            535
JCH2CCH      0  3  0  3  0  0  0  0  0  0  0  0  0  0            536
JCH2CHCN     0  3  0  3  1  0  0  0  0  0  0  0  0  0            537
JCH3CCH      0  4  0  3  0  0  0  0  0  0  0  0  0  0            538
JC3N         0  0  0  3  1  0  0  0  0  0  0  0  0  0            539
JC3O         0  0  0  3  0  1  0  0  0  0  0  0  0  0            540
JC3P         0  0  0  3  0  0  0  0  0  0  0  0  1  0            541
JC3S         0  0  0  3  0  0  0  1  0  0  0  0  0  0            542
JC4          0  0  0  4  0  0  0  0  0  0  0  0  0  0            543
JC4H         0  1  0  4  0  0  0  0  0  0  0  0  0  0            544
JC4H2        0  2  0  4  0  0  0  0  0  0  0  0  0  0            545
JCH3C3       0  3  0  4  0  0  0  0  0  0  0  0  0  0            546
JCH2CHC2H    0  4  0  4  0  0  0  0  0  0  0  0  0  0            547
JC4N         0  0  0  4  1  0  0  0  0  0  0  0  0  0            548
JC4P         0  0  0  4  0  0  0  0  0  0  0  0  1  0            549
JC4S         0  0  0  4  0  0  0  1  0  0  0  0  0  0            550
JC5          0  0  0  5  0  0  0  0  0  0  0  0  0  0            551
JC5H         0  1  0  5  0  0  0  0  0  0  0  0  0  0            552
JC5H2        0  2  0  5  0  0  0  0  0  0  0  0  0  0            553
JC5N         0  0  0  5  1  0  0  0  0  0  0  0  0  0            554
JC6          0  0  0  6  0  0  0  0  0  0  0  0  0  0            555
JC6H         0  1  0  6  0  0  0  0  0  0  0  0  0  0            556
JC6H2        0  2  0  6  0  0  0  0  0  0  0  0  0  0            557
JC6H6        0  6  0  6  0  0  0  0  0  0  0  0  0  0            558
JC7          0  0  0  7  0  0  0  0  0  0  0  0  0  0            559
JC7H         0  1  0  7  0  0  0  0  0  0  0  0  0  0            560
JHC7H        0  2  0  7  0  0  0  0  0  0  0  0  0  0            561
JC7N         0  0  0  7  1  0  0  0  0  0  0  0  0  0            562
JC8          0  0  0  8  0  0  0  0  0  0  0  0  0  0            563
JC8H         0  1  0  8  0  0  0  0  0  0  0  0  0  0            564
JC8H2        0  2  0  8  0  0  0  0  0  0  0  0  0  0            565
JC9          0  0  0  9  0  0  0  0  0  0  0  0  0  0            566
JC9H         0  1  0  9  0  0  0  0  0  0  0  0  0  0            567
JC9H2        0  2  0  9  0  0  0  0  0  0  0  0  0  0            568
JC9N         0  0  0  9  1  0  0  0  0  0  0  0  0  0            569
JCCl         0  0  0  1  0  0  0  0  0  0  0  1  0  0            570
JCCP         0  0  0  2  0  0  0  0  0  0  0  0  1  0            571
JCH          0  1  0  1  0  0  0  0  0  0  0  0  0  0            572
JCH2         0  2  0  1  0  0  0  0  0  0  0  0  0  0            573
JH2CCN       0  2  0  2  1  0  0  0  0  0  0  0  0  0            574
JH2CCO       0  2  0  2  0  1  0  0  0  0  0  0  0  0            575
JCH2NH       0  3  0  1  1  0  0  0  0  0  0  0  0  0            576
JCH2PH       0  3  0  1  0  0  0  0  0  0  0  0  1  0            577
JCH3         0  3  0  1  0  0  0  0  0  0  0  0  0  0            578
JCH3C3N      0  3  0  4  1  0  0  0  0  0  0  0  0  0            579
JCH3C4H      0  4  0  5  0  0  0  0  0  0  0  0  0  0            580
JCH3C5N      0  3  0  6  1  0  0  0  0  0  0  0  0  0            581
JCH3C6H      0  4  0  7  0  0  0  0  0  0  0  0  0  0            582
JCH3C7N      0  3  0  8  1  0  0  0  0  0  0  0  0  0            583
JCH3CHO      0  4  0  2  0  1  0  0  0  0  0  0  0  0            584
JCH3CN       0  3  0  2  1  0  0  0  0  0  0  0  0  0            585
JCH3OCH3     0  6  0  2  0  1  0  0  0  0  0  0  0  0            586
JCH3OH       0  4  0  1  0  1  0  0  0  0  0  0  0  0            587
JCH4         0  4  0  1  0  0  0  0  0  0  0  0  0  0            588
JCH3NH2      0  5  0  1  1  0  0  0  0  0  0  0  0  0            589
JCl          0  0  0  0  0  0  0  0  0  0  0  1  0  0            590
JClO         0  0  0  0  0  1  0  0  0  0  0  1  0  0            591
JCN          0  0  0  1  1  0  0  0  0  0  0  0  0  0            592
JCO          0  0  0  1  0  1  0  0  0  0  0  0  0  0            593
JCO2         0  0  0  1  0  2  0  0  0  0  0  0  0  0            594
JCP          0  0  0  1  0  0  0  0  0  0  0  0  1  0            595
JCS          0  0  0  1  0  0  0  1  0  0  0  0  0  0            596
JFe          0  0  0  0  0  0  0  0  1  0  0  0  0  0            597
JFeH         0  1  0  0  0  0  0  0  1  0  0  0  0  0            598
JH           0  1  0  0  0  0  0  0  0  0  0  0  0  0            599
JH2          0  2  0  0  0  0  0  0  0  0  0  0  0  0            600
JH2CN        0  2  0  1  1  0  0  0  0  0  0  0  0  0            601
JH2CO        0  2  0  1  0  1  0  0  0  0  0  0  0  0            602
JH2CS        0  2  0  1  0  0  0  1  0  0  0  0  0  0            603
JH2O         0  2  0  0  0  1  0  0  0  0  0  0  0  0            604
JHOOH        0  2  0  0  0  2  0  0  0  0  0  0  0  0            605
JH2S         0  2  0  0  0  0  0  1  0  0  0  0  0  0            606
JHSSH        0  2  0  0  0  0  0  2  0  0  0  0  0  0            607
JH2SiO       0  2  0  0  0  1  1  0  0  0  0  0  0  0            608
JHCCNC       0  1  0  3  1  0  0  0  0  0  0  0  0  0            609
JHC3N        0  1  0  3  1  0  0  0  0  0  0  0  0  0            610
JHC5N        0  1  0  5  1  0  0  0  0  0  0  0  0  0            611
JHC7N        0  1  0  7  1  0  0  0  0  0  0  0  0  0            612
JHC9N        0  1  0  9  1  0  0  0  0  0  0  0  0  0            613
JHCCP        0  1  0  2  0  0  0  0  0  0  0  0  1  0            614
JHCl         0  1  0  0  0  0  0  0  0  0  0  1  0  0            615
JHCN         0  1  0  1  1  0  0  0  0  0  0  0  0  0            616
JHCNCC       0  1  0  3  1  0  0  0  0  0  0  0  0  0            617
JHCO         0  1  0  1  0  1  0  0  0  0  0  0  0  0            618
JHCOOCH3     0  4  0  2  0  2  0  0  0  0  0  0  0  0            619
JHCOOH       0  2  0  1  0  2  0  0  0  0  0  0  0  0            620
JHCP         0  1  0  1  0  0  0  0  0  0  0  0  1  0            621
JHCS         0  1  0  1  0  0  0  1  0  0  0  0  0  0            622
JHCSi        0  1  0  1  0  0  1  0  0  0  0  0  0  0            623
JHe          0  0  1  0  0  0  0  0  0  0  0  0  0  0            624
JHNC         0  1  0  1  1  0  0  0  0  0  0  0  0  0            625
JHNCCC       0  1  0  3  1  0  0  0  0  0  0  0  0  0            626
JHNCO        0  1  0  1  1  1  0  0  0  0  0  0  0  0            627
JHNO         0  1  0  0  1  1  0  0  0  0  0  0  0  0            628
JHNSi        0  1  0  0  1  0  1  0  0  0  0  0  0  0            629
JHPO         0  1  0  0  0  1  0  0  0  0  0  0  1  0            630
JHS          0  1  0  0  0  0  0  1  0  0  0  0  0  0            631
JHSS         0  1  0  0  0  0  0  2  0  0  0  0  0  0            632
JMg          0  0  0  0  0  0  0  0  0  0  1  0  0  0            633
JMgH         0  1  0  0  0  0  0  0  0  0  1  0  0  0            634
JMgH2        0  2  0  0  0  0  0  0  0  0  1  0  0  0            635
JN           0  0  0  0  1  0  0  0  0  0  0  0  0  0            636
JN2          0  0  0  0  2  0  0  0  0  0  0  0  0  0            637
JN2O         0  0  0  0  2  1  0  0  0  0  0  0  0  0            638
JNa          0  0  0  0  0  0  0  0  0  1  0  0  0  0            639
JNaH         0  1  0  0  0  0  0  0  0  1  0  0  0  0            640
JNaOH        0  1  0  0  0  1  0  0  0  1  0  0  0  0            641
JNH          0  1  0  0  1  0  0  0  0  0  0  0  0  0            642
JNH2         0  2  0  0  1  0  0  0  0  0  0  0  0  0            643
JNH2CHO      0  3  0  1  1  1  0  0  0  0  0  0  0  0            644
JNH2CN       0  2  0  1  2  0  0  0  0  0  0  0  0  0            645
JNH3         0  3  0  0  1  0  0  0  0  0  0  0  0  0            646
JNO          0  0  0  0  1  1  0  0  0  0  0  0  0  0            647
JNO2         0  0  0  0  1  2  0  0  0  0  0  0  0  0            648
JNS          0  0  0  0  1  0  0  1  0  0  0  0  0  0            649
JO           0  0  0  0  0  1  0  0  0  0  0  0  0  0            650
JO2          0  0  0  0  0  2  0  0  0  0  0  0  0  0            651
JO2H         0  1  0  0  0  2  0  0  0  0  0  0  0  0            652
JO3          0  0  0  0  0  3  0  0  0  0  0  0  0  0            653
JOCN         0  0  0  1  1  1  0  0  0  0  0  0  0  0            654
JOCS         0  0  0  1  0  1  0  1  0  0  0  0  0  0            655
JOH          0  1  0  0  0  1  0  0  0  0  0  0  0  0            656
JP           0  0  0  0  0  0  0  0  0  0  0  0  1  0            657
JPH          0  1  0  0  0  0  0  0  0  0  0  0  1  0            658
JPH2         0  2  0  0  0  0  0  0  0  0  0  0  1  0            659
JPN          0  0  0  0  1  0  0  0  0  0  0  0  1  0            660
JPO          0  0  0  0  0  1  0  0  0  0  0  0  1  0            661
JS           0  0  0  0  0  0  0  1  0  0  0  0  0  0            662
JS2          0  0  0  0  0  0  0  2  0  0  0  0  0  0            663
JSi          0  0  0  0  0  0  1  0  0  0  0  0  0  0            664
JSiC         0  0  0  1  0  0  1  0  0  0  0  0  0  0            665
Jc-SiC2      0  0  0  2  0  0  1  0  0  0  0  0  0  0            666
JHCCSi       0  1  0  2  0  0  1  0  0  0  0  0  0  0            667
Jc-HCCHSi    0  2  0  2  0  0  1  0  0  0  0  0  0  0            668
Jl-SiC3      0  0  0  3  0  0  1  0  0  0  0  0  0  0            669
JSiC3H       0  1  0  3  0  0  1  0  0  0  0  0  0  0            670
JSiC4        0  0  0  4  0  0  1  0  0  0  0  0  0  0            671
JSiCH2       0  2  0  1  0  0  1  0  0  0  0  0  0  0            672
JSiCH3       0  3  0  1  0  0  1  0  0  0  0  0  0  0            673
JSiH         0  1  0  0  0  0  1  0  0  0  0  0  0  0            674
JSiH2        0  2  0  0  0  0  1  0  0  0  0  0  0  0            675
JSiH3        0  3  0  0  0  0  1  0  0  0  0  0  0  0            676
JSiH4        0  4  0  0  0  0  1  0  0  0  0  0  0  0            677
JSiN         0  0  0  0  1  0  1  0  0  0  0  0  0  0            678
JSiNC        0  0  0  1  1  0  1  0  0  0  0  0  0  0            679
JSiO         0  0  0  0  0  1  1  0  0  0  0  0  0  0            680
JSiO2        0  0  0  0  0  2  1  0  0  0  0  0  0  0            681
JSiS         0  0  0  0  0  0  1  1  0  0  0  0  0  0            682
JSO          0  0  0  0  0  1  0  1  0  0  0  0  0  0            683
JSO2         0  0  0  0  0  2  0  1  0  0  0  0  0  0            684